100100111101011
111111111111111
100001111010110
011111101111101
100001111101011
111111111111111
100001111010110
110101101111111
100001111010110
111111111111111
100001111010110
111111111111111
100001111010110
111111111111111
100001111010110
011111101111101
011111101111101
011111101111101
011111101111101
111111111111111
100001111010110
100001111101011
100001111010110
100100111101011
100001111010110
110101010011111
100001111010110
111111111111111
100001111010110
110101010011111
111111101111101
111111111111111
100100111101011
110101101111111
011111101111101
111111101111101
100001111010110
111111111111111
100100111101011
110101101111111
100001111101011
100001111101011
011111101111101
100001111101011
100100111101011
111111111111111
100001111010110
111111101111101
100001111010110
100001111010110
100001111010110
100001111010110
100001111010110
111111101111101
100001111101011
110101010011111
011111101111101
111111111111111
100001111010110
100001111010110
100001111010110
100001111101011
011111101111101
111111111111111
011111101111101
100100111101011
100100111101011
110101010011111
100001101111101
111111111111111
100001111101011
110101010011111
100100111101011
100001111101011
100001111010110
111111111111111
100100111101011
111111111111111
011111101111101
110101010011111
100001111010110
100001111101011
100001111010110
100001111010110
100001111010110
111111111111111
100001111101011
100001111101011
100001111010110
100001111101011
011111101111101
111111101111101
100001111101011
110101010011111
011111101111101
100001111101011
011111101111101
111111101111111
100001111010110
100001111010110
