122122111121211
222221121212122
122221111121211
120201121212112
122221111212112
122221111212112
122221111212112
222221121212122
011111101111101
211111121111121
100001111222212
100202111222212
120201212012112
122221111212112
120201212012112
111111121111121
120102121121211
211111101111101
122221111212112
120102121121211
100001111101011
222221121121221
122122111121211
122221121212122
100001111010110
100001111010110
122221121212122
120201212221211
211111121111121
100001111010110
100001111222212
211111121111121
222122121121221
120102212221211
122221121111121
120201212221211
100202111101011
122221111212112
122122111121211
212121222211121
100001111222212
100001111010110
122221111212112
100001111101011
100001111222212
211111101111101
120201212221211
222221121121221
211111101111121
100001111010110
